Gene1	Gene2	G1_cor	G1_pVal	G0_cor	G0_pVal	zScoreDiff	pValDiff	pValDiff_adj	Classes	AIC	TPrate
RPS27	RPL31	-0.135714317795271	0.000682914987239824	0.354048919672207	0	9.92190985651603	3.34297331500603e-23	3.34297331500603e-23	-/+	13681.750344279	0.993912562257886
RPL39	RPL31	0.122796162688516	0.00213728871742269	0.635217281685743	0	12.2734765626645	1.25736226840802e-34	1.25736226840802e-34	+/+	15917.0331864324	0.992805755395683
RPS29	RPL31	0.0978828204238473	0.0145207137841372	0.575832962340026	0	10.9282847239193	8.44292274693184e-28	8.44292274693184e-28	+/+	9480.53785496462	0.992252351964582
RPL21	RPL31	0.129838465944191	0.00116213492326422	0.56576508950164	0	10.0017025806428	1.49799105703373e-23	1.49799105703373e-23	+/+	9702.19591624676	0.987825124515772
ARPC3	RPL31	0.0559506168067084	0.163072012814961	-0.545066456369882	0	-13.0695644238708	4.91461258642254e-39	4.91461258642254e-39	0/-	8657.74429019814	0.972329828444936
RPL36	RPL31	0.0223231779852953	0.578117799152023	0.681896360484896	0	15.8697186039649	1.02700292825041e-56	1.02700292825041e-56	0/+	10141.5227660027	0.968456004427227
RPS28	RPL31	0.234793552353111	2.99653390989363e-09	0.754183820605735	0	14.5577117517404	5.21752066104582e-48	5.21752066104582e-48	+/+	13154.7323395919	0.966242390702822
RPL38	RPL31	-0.16054265437903	5.69197037219027e-05	0.331746693954238	0	9.92408514409992	3.27088397484542e-23	3.27088397484542e-23	-/+	6561.75751515814	0.962368566685114
OAZ1	RPL31	-0.0144830637338554	0.718256629608782	-0.391784141951506	0	-7.82245105108113	5.18046010892711e-15	5.18046010892711e-15	0/-	9658.33685895776	0.947426674045379
GNG5	RPL31	0.18561287595401	3.09854942326382e-06	-0.327230060259906	0	-10.3310356010243	5.10068928128335e-25	5.10068928128335e-25	+/-	4400.58869615605	0.945213060320974
LILRA5	RPL31	0.234114913185515	3.33594396551007e-09	-0.393042423663034	0	-12.8068846748221	1.50038232164706e-37	1.50038232164706e-37	+/-	4917.82988344081	0.939679026009961
AGTRAP	RPL31	-0.0988110586851723	0.0136094971614642	-0.496339496619573	0	-8.72100241319688	2.75749559641865e-18	2.75749559641865e-18	-/-	4329.27668262243	0.935251798561151
CD37	RPL31	0.0259618347458794	0.517752191586471	-0.474530793481922	0	-10.6122056130904	2.61502001027355e-26	2.61502001027355e-26	0/-	6797.09524575521	0.93469839513005
RPL34	RPL31	0.270610096067486	6.44595488097366e-12	0.720662997782678	0	12.3675890322717	3.91393863856021e-35	3.91393863856021e-35	+/+	13837.2546070441	0.933591588267847
TALDO1	RPL31	-0.0122828441715802	0.759623495196575	-0.365821310061043	0	-7.27183254444861	3.54643063883315e-13	3.54643063883315e-13	0/-	7448.56985941415	0.931931377974543
HMGN2	RPL31	-0.0890248035124039	0.0262828233062313	0.240098982239011	0	6.54394759996815	5.99157981803871e-11	5.99157981803871e-11	-/+	3668.15678690468	0.924183729939126
SNHG5	RPL31	0.529102719168246	0	0.741148052047542	0	7.13115530295027	9.95299392699992e-13	9.95299392699992e-13	+/+	3686.67586862511	0.922523519645822
RPL35	RPL31	-0.00650342097647267	0.871305146202686	0.523435569442113	0	11.5071019821561	1.21492755671627e-30	1.21492755671627e-30	0/+	8575.49212745105	0.918096292197012
EIF3K	RPL31	0.328939513430303	0	0.593985258964579	0	6.70106717000109	2.0690290063503e-11	2.0690290063503e-11	+/+	4600.74559726048	0.916989485334809
CSNK2B	RPL31	0.236283585629142	2.36483055360281e-09	-0.376431217006522	0	-12.4699842540518	1.08847557443625e-35	1.08847557443625e-35	+/-	2747.89715128536	0.907581627006087
RPS21	RPL31	0.0579902209366025	0.148249010358036	0.74030912095657	0	17.49100722256	1.67765819617369e-68	1.67765819617369e-68	0/+	9753.14549615888	0.906474820143885
FKBP1A	RPL31	-0.0557483104167615	0.164601008492971	-0.577617533401676	0	-11.8108578243329	3.43043333558223e-32	3.43043333558223e-32	0/-	6000.12674658054	0.898173768677366
SSR4	RPL31	-0.130105018458471	0.00113496471717278	0.259718698018143	0	7.76823215053679	7.9589093636397e-15	7.9589093636397e-15	-/+	1280.62313820773	0.87382401770891
LCP1	RPL31	-0.0298301520839119	0.457342586990067	-0.367642977007787	0	-6.96923731923099	3.18663763313674e-12	3.18663763313674e-12	0/-	6019.27811150215	0.87382401770891
RPL41	RPL31	0.386900134097844	0	0.69707178726019	0	8.88021973604341	6.67284145383209e-19	6.67284145383209e-19	+/+	14521.3878103784	0.867183176535695
SLC25A3	RPL31	-0.0883028475788335	0.0275302152488002	0.293282226783968	0	7.65138445615251	1.98826918380429e-14	1.98826918380429e-14	-/+	2198.16621971741	0.867183176535695
ARPC5	RPL31	-0.393160919296628	0	-0.691108682659001	0	-8.51025176833806	1.7355608555598e-17	1.7355608555598e-17	-/-	4479.5248163853	0.866076369673492
TMBIM6	RPL31	-0.180518204874935	5.7882734632031e-06	-0.736806566410231	0	-14.9025545635365	3.17215519920581e-50	3.17215519920581e-50	-/-	5416.33651624544	0.864416159380188
COX4I1	RPL31	0.444951006645473	0	0.685800747586388	0	7.08167515148052	1.42422207425701e-12	1.42422207425701e-12	+/+	5807.50250347893	0.864416159380188
NOP10	RPL31	0.00986722627719049	0.805839359362255	-0.596643328787487	0	-13.6657497611403	1.62620126618684e-42	1.62620126618684e-42	0/-	3028.78833080602	0.840066408411732
HMGB1	RPL31	-0.125227555058615	0.00173776796885061	-0.667204481411405	0	-13.3134831279288	1.9325767886715e-40	1.9325767886715e-40	-/-	3193.51910695047	0.819037078029884
HNRNPA2B1	RPL31	-0.26636683593671	1.40278899607438e-11	-0.5616054357301	0	-7.09399249149748	1.30297203131146e-12	1.30297203131146e-12	-/-	3886.17338442694	0.819037078029884
RPS14	RPL31	0.500965875366548	0	0.844323056809939	0	13.4241005220377	4.3685632313086e-41	4.3685632313086e-41	+/+	11223.2939971627	0.798561151079137
RPS26	RPL31	0.159738487534469	6.20690149608638e-05	0.658240905942456	0	12.310479791543	7.95488759801561e-35	7.95488759801561e-35	+/+	10644.1438979926	0.776978417266187
EEF1D	RPL31	0.00762481929318834	0.849359438120078	0.458833547235267	0	9.56127312331227	1.16316904739286e-21	1.16316904739286e-21	0/+	5257.06804048669	0.768677365799668
ANXA1	RPL31	-0.181051318574195	5.42625727617541e-06	-0.530158087032666	0	-7.97665346712086	1.50354188873541e-15	1.50354188873541e-15	-/-	9394.55094965084	0.76535694521306
ACTB	RPL31	-0.195963732761198	8.25261992964954e-07	-0.597321271826844	0	-9.60499938131596	7.61583883337171e-22	7.61583883337171e-22	-/-	16078.3971096076	0.750415052573326
CD68	RPL31	-0.0793317695326962	0.0477865052143804	-0.55302758419488	0	-10.6389206108712	1.96391183573541e-26	1.96391183573541e-26	-/-	5317.21217222605	0.740453790813503
GLIPR1	RPL31	-0.281212142676798	8.69526672886423e-13	-0.620206673182719	0	-8.5455316056733	1.27945939967065e-17	1.27945939967065e-17	-/-	1682.84049894339	0.734366353071389
COMMD6	RPL31	0.336150958915659	0	0.6856982142931	0	9.59723331214526	8.21190781820798e-22	8.21190781820798e-22	+/+	4408.24972547585	0.729939125622579
PSAP	RPL31	0.030796657816314	0.442890164389434	-0.505376686608213	0	-11.5020819414601	1.28771324145361e-30	1.28771324145361e-30	0/-	8542.02261265826	0.60431654676259
MS4A6A	RPL31	-0.0989909559244408	0.0134388475459901	-0.48363135729359	0	-8.38991842798194	4.86479598959046e-17	4.86479598959046e-17	-/-	7868.4537633304	0.568898727172108
S100A4	RPL31	-0.301839644761904	1.37667655053519e-14	-0.592967354563566	0	-7.25971023645444	3.87920424291028e-13	3.87920424291028e-13	-/-	14105.3270256012	0.553956834532374
CFD	RPL31	-0.346485510111854	0	-0.673934671185497	0	-8.93976514830766	3.89998314168595e-19	3.89998314168595e-19	-/-	10172.4949965721	0.549529607083564
LSP1	RPL31	-0.35916942832934	0	-0.685475357134534	0	-9.07617550340612	1.12456959588006e-19	1.12456959588006e-19	-/-	7682.10614745502	0.542335362479247
SPI1	RPL31	-0.180304403286789	5.93984122465585e-06	-0.57182832882605	0	-9.16429986427468	4.98696379576455e-20	4.98696379576455e-20	-/-	6372.8070377395	0.532374100719424
RPS11	RPL31	0.456278196318249	0	0.802224375971609	0	11.9900033207498	4.00889095897246e-33	4.00889095897246e-33	+/+	7855.6972623564	0.525179856115108
IFITM2	RPL31	-0.124861798967303	0.00179312702542744	-0.54035514914348	0	-9.38369029720794	6.37031988415819e-21	6.37031988415819e-21	-/-	9380.50750912467	0.507470946319867
AIF1	RPL31	-0.216670850653737	4.70126924057013e-08	-0.512838657331043	0	-6.78431283003776	1.16640343042138e-11	1.16640343042138e-11	-/-	9576.73010413267	0.503597122302158
RPL22	RPL31	0.394824691080574	0	0.759196759304689	0	11.2965613968827	1.36457077166229e-29	1.36457077166229e-29	+/+	8419.44480435622	0.483674598782512
GRN	RPL31	-0.239953259062002	1.31102595446464e-09	-0.663800239508261	0	-10.8664719172022	1.66516052428467e-27	1.66516052428467e-27	-/-	6871.71701146353	0.472606530160487
ITGB2	RPL31	-0.233927460176804	3.43609452002624e-09	-0.676411547609647	0	-11.4398328767324	2.64394336214397e-30	2.64394336214397e-30	-/-	6620.86430935183	0.462645268400664
H3F3B	RPL31	-0.0421693732916194	0.293304566038418	-0.385344690436426	0	-7.13121921450485	9.94837277560309e-13	9.94837277560309e-13	0/-	8519.55060573832	0.45213060320974
VSIR	RPL31	-0.108422604673067	0.00675312714928245	-0.597983095208177	0	-11.3815172762245	5.16924607329983e-30	5.16924607329983e-30	-/-	4582.68822393058	0.447149972329828
SOD2	RPL31	-0.0619607204502336	0.122366493257208	-0.456915395521989	0	-8.44805101395089	2.96205956207778e-17	2.96205956207778e-17	0/-	6380.61030361763	0.446596568898727
H3F3A	RPL31	-0.141121699239639	0.000410849000576086	-0.703437365478271	0	-14.3358565080755	1.30624969270895e-46	1.30624969270895e-46	-/-	10028.7971860078	0.436081903707803
TMSB10	RPL31	-0.134196579903833	0.000785040264858372	0.344325951786087	0	9.67477029030645	3.85957411424168e-22	3.85957411424168e-22	-/+	14323.0449332827	0.415052573325955
RPL32	RPL31	0.312733347005154	1.33226762955019e-15	0.832619172017734	0	17.098046655067	1.53462168152735e-65	1.53462168152735e-65	+/+	11661.2060941189	0.376867736579967
RPLP1	RPL31	0.380495670303138	0	0.670707209413845	0	8.05680852925164	7.83121711673983e-16	7.83121711673983e-16	+/+	14846.6834015634	0.375207526286663
RPS15	RPL31	0.174279442649986	1.21545964049119e-05	0.826543131511488	0	19.6049761614971	1.40217967199711e-85	1.40217967199711e-85	+/+	10080.0160247397	0.361372440509131
RPS8	RPL31	0.482483261715508	0	0.790640217181244	0	10.7111407268889	9.02429100753063e-27	9.02429100753063e-27	+/+	12603.2009711716	0.36081903707803
RPL11	RPL31	0.327880426171123	0	0.708084405749976	0	10.6319976988658	2.11532097617375e-26	2.11532097617375e-26	+/+	11010.6501576714	0.355285002767017
RPL6	RPL31	0.548323000457765	0	0.767451694816139	0	7.79691271412635	6.34400889526221e-15	6.34400889526221e-15	+/+	9477.36818914732	0.350304371887106
RPL9	RPL31	0.459411168845166	0	0.736510065882806	0	8.73943724204556	2.34274482762158e-18	2.34274482762158e-18	+/+	8712.02332847996	0.332042058660764
RPL28	RPL31	0.434671857009827	0	0.86050138836437	0	16.2478485073142	2.31341620633559e-59	2.31341620633559e-59	+/+	12097.3132229412	0.329828444936359
CFL1	RPL31	-0.206043765443227	2.12235333973965e-07	-0.756920965328746	0	-15.2744784923164	1.13129427157782e-52	1.13129427157782e-52	-/-	7872.00689073269	0.327061427780852
RPS15A	RPL31	0.492769369211817	0	0.838016392428902	0	13.2148367385388	7.20424605044291e-40	7.20424605044291e-40	+/+	10700.5569042017	0.315439955727725
CYBA	RPL31	-0.386494278526297	0	-0.657755678317122	0	-7.46510552855648	8.32328791669279e-14	8.32328791669279e-14	-/-	9962.65152872012	0.312672938572219
PCBP1	RPL31	-0.189892747693223	1.80872075161709e-06	-0.678470334006763	0	-12.4174757631089	2.10085941399096e-35	2.10085941399096e-35	-/-	6041.3253859942	0.300498063087991
RPSA	RPL31	0.296224306007075	4.39648317751562e-14	0.562745286450355	0	6.49157575563391	8.49431788295101e-11	8.49431788295101e-11	+/+	6327.93520549064	0.29994465965689
SNHG29	RPL31	0.421653937829423	0	0.704629180159413	0	8.35733845860062	6.41490586307848e-17	6.41490586307848e-17	+/+	4562.06940505582	0.299391256225789
S100A11	RPL31	-0.497020954559338	0	-0.792461970852365	0	-10.4321074287817	1.76920151250585e-25	1.76920151250585e-25	-/-	11477.0375100192	0.29551743220808
NME2	RPL31	0.0627190098523459	0.117850333441433	0.495789787705541	0	9.41828584164254	4.58512016853095e-21	4.58512016853095e-21	0/+	5049.99138799463	0.289429994465966
RPL18A	RPL31	0.197807555493455	6.4707527558383e-07	0.624401491407553	0	10.4137710708972	2.14550575464584e-25	2.14550575464584e-25	+/+	11348.9264688892	0.287216380741561
RPL13	RPL31	0.280886426257107	9.2592600253738e-13	0.71605283541948	0	11.9632053672164	5.53820523539749e-33	5.53820523539749e-33	+/+	12828.7168212569	0.284449363586054
RPL17	RPL31	0.302006783097895	1.33226762955019e-14	0.57943772632264	0	6.85238733220129	7.26275842289074e-12	7.26275842289074e-12	+/+	8562.9543768377	0.27836192584394
RPL12	RPL31	0.524445380470109	0	0.80164080015095	0	10.1982935121159	2.01786725283236e-24	2.01786725283236e-24	+/+	10250.290928809	0.277255118981738
MYL12A	RPL31	-0.367633665675049	0	-0.737988917514517	0	-10.9744183316546	5.07313047666233e-28	5.07313047666233e-28	-/-	6471.27144624462	0.272274488101826
RPS12	RPL31	0.449065265825331	0	0.81713834784843	0	13.0161149260699	9.90854323367929e-39	9.90854323367929e-39	+/+	12373.0365468067	0.263973436635307
RPS13	RPL31	0.612416559171023	0	0.81651981403023	0	8.4899783748029	2.06675554045654e-17	2.06675554045654e-17	+/+	12218.3318720446	0.258439402324294
RPS4X	RPL31	0.36603801483913	0	0.669322050393842	0	8.33657465385057	7.64735415729798e-17	7.64735415729798e-17	+/+	9573.76269317633	0.253458771444383
UBC	RPL31	-0.44409184432804	0	-0.723820024150329	0	-8.583979261157	9.1646501405862e-18	9.1646501405862e-18	-/-	6346.57864774442	0.251798561151079
RPS19	RPL31	0.406258576975818	0	0.646162126678893	0	6.61091139397039	3.8196106888842e-11	3.8196106888842e-11	+/+	10917.0573102712	0.249584947426674
RPL24	RPL31	0.22420123912783	1.54053378942365e-08	0.822512667811102	0	18.3400526374726	3.96413100756887e-75	3.96413100756887e-75	+/+	7174.12038600734	0.247371333702269
FCER1G	RPL31	-0.478696801961965	0	-0.712099358096573	0	-7.24893849685049	4.2005055783693e-13	4.2005055783693e-13	-/-	8814.10184690247	0.247371333702269
ITM2B	RPL31	-0.49435091737197	0	-0.718304595495339	0	-7.09605423273776	1.28369120521506e-12	1.28369120521506e-12	-/-	8868.76547951884	0.246817930271168
CARD16	RPL31	-0.321638578195849	2.22044604925031e-16	-0.685196207077329	0	-9.89738825737464	4.27287788497203e-23	4.27287788497203e-23	-/-	4300.3462086485	0.244604316546763
RPL18	RPL31	0.265361390188674	1.68323133209469e-11	0.814902337973763	0	17.0303194057084	4.89363920455036e-65	4.89363920455036e-65	+/+	9177.5990467813	0.239623685666851
RNASET2	RPL31	0.120458918104467	0.00259887276305104	-0.53749345068327	0	-14.1335113153528	2.36073537340995e-45	2.36073537340995e-45	+/-	3923.58655354338	0.238516878804649
RPL36A	RPL31	0.210481921650065	1.14173430709741e-07	0.698089036919929	0	12.7276835701995	4.149685478239e-37	4.149685478239e-37	+/+	8851.36112833029	0.235196458218041
RPS3A	RPL31	0.583105130947581	0	0.804492473933558	0	8.69672588473394	3.41597291794202e-18	3.41597291794202e-18	+/+	10469.507532713	0.235196458218041
CTSS	RPL31	-0.240899367591824	1.12428200083059e-09	-0.62288984572929	0	-9.47856230318208	2.57810521852427e-21	2.57810521852427e-21	-/-	11117.1786935365	0.230769230769231
RPL10	RPL31	0.387947024276309	0	0.642813816024029	0	6.92453155386623	4.37420537450172e-12	4.37420537450172e-12	+/+	13156.3838347624	0.229662423907028
B2M	RPL31	-0.536080396027046	0	-0.757675728708831	0	-7.67898600134511	1.6035275534431e-14	1.6035275534431e-14	-/-	15816.3478801256	0.228002213613724
RPS7	RPL31	0.598490234164876	0	0.84492279748677	0	10.7194085790487	8.25293529749143e-27	8.25293529749143e-27	+/+	10365.9312026212	0.219701162147205
SRGN	RPL31	-0.296072929834763	4.52970994047064e-14	-0.726251247061392	0	-12.0549756060438	1.82586544954832e-33	1.82586544954832e-33	-/-	9718.36219052931	0.216934144991699
ATP6V1G1	RPL31	-0.258624329993488	5.59710056080576e-11	-0.634941964917731	0	-9.4988331002251	2.12255373922202e-21	2.12255373922202e-21	-/-	1419.03432058597	0.192584394023243
RAC1	RPL31	0.00810546052685268	0.83998782421014	-0.553272102422974	0	-12.3615043499588	4.22181191816455e-35	4.22181191816455e-35	0/-	3857.35786196763	0.189817376867737
RPL29	RPL31	0.0179795833247188	0.654221921107717	0.518598837100266	0	10.8975559528664	1.18394784237068e-27	1.18394784237068e-27	0/+	10610.62619851	0.186496956281129
RPL19	RPL31	0.508555634507199	0	0.820518935867165	0	11.7041268504782	1.21402470067468e-31	1.21402470067468e-31	+/+	11264.2389241921	0.156059767570559
CALM2	RPL31	-0.433231578552364	0	-0.678188369816897	0	-7.08728846018157	1.36765124623442e-12	1.36765124623442e-12	-/-	7663.30817938753	0.144991698948533
RGS2	RPL31	-0.0417716013195794	0.297885596004865	-0.420405177735656	0	-7.9588817768183	1.73601010290995e-15	1.73601010290995e-15	0/-	7845.43263182512	0.144438295517432
DDX5	RPL31	-0.0559236359004292	0.163275310039078	-0.443709846839389	0	-8.24227763688014	1.68962934871133e-16	1.68962934871133e-16	0/-	5472.04695422292	0.110127282789153
